#There are multiple data sets.
#For each data set, the first line has two number M and N, which indicate the number of girls and boys
#Next M line, each line start with a number C, and C number followed which means the boys this girl loved.
3 2
1 2
1 1
0
10 10
2 5 9
3 1 6 10
2 3 8
3 1 8 10
2 4 10
7 1 4 6 7 8 9 10
2 1 8
1 10
1 8
2 4 7
11 17
2 6 7
12 2 3 4 5 6 7 8 11 14 15 16 17
9 2 3 5 8 9 10 13 14 16
8 3 4 5 7 8 14 15 16
6 6 8 10 13 16 17
4 4 7 8 13
7 2 3 9 11 12 14 16
9 2 3 6 8 11 13 15 16 17
8 2 6 7 10 13 14 15 17
8 1 3 5 9 12 13 14 17
4 4 5 9 13
17 19
8 1 4 5 8 10 11 12 16
10 1 3 7 10 11 12 13 15 17 19
3 2 11 14
4 2 4 9 11
8 1 2 6 8 11 14 15 16
11 4 6 7 8 9 11 12 13 14 15 18
6 3 4 5 7 15 19
10 1 5 8 9 11 12 13 16 17 19
5 3 4 5 9 19
7 5 6 7 9 11 14 17
13 2 4 6 7 8 10 11 14 15 16 17 18 19
11 2 3 4 6 8 10 12 14 16 17 18
0
2 2 18
11 2 5 6 7 11 12 13 15 17 18 19
7 1 5 6 7 10 11 16
12 1 4 7 8 9 10 11 14 15 16 18 19
21 27
0
6 13 15 17 19 23 25
1 8
3 4 6 25
0
14 1 3 4 5 6 7 8 16 17 19 20 21 23 25
14 2 4 5 8 9 11 12 14 18 19 20 21 24 27
11 4 8 9 14 15 16 17 19 21 22 27
15 1 3 4 5 6 7 8 9 14 15 22 23 24 25 27
14 1 3 4 6 9 10 12 14 15 16 17 21 25 27
13 5 8 9 11 12 13 14 16 17 18 20 23 25
14 1 4 5 6 7 10 11 13 14 15 16 23 24 25
12 2 3 6 8 9 14 17 19 23 25 26 27
1 7
15 1 3 4 6 7 11 12 13 14 15 16 18 19 21 22
5 2 5 8 15 27
15 5 6 7 9 10 12 13 16 18 19 20 22 23 26 27
0
18 2 7 8 9 10 11 12 13 14 16 17 18 19 22 24 25 26 27
13 2 3 4 6 7 10 12 13 17 18 21 24 26
11 1 7 8 9 11 15 16 18 21 25 26
117 119
73 1 2 3 7 8 9 10 11 16 17 18 19 23 25 30 32 33 35 37 39 41 42 43 46 47 49 50 51 52 53 54 55 56 57 58 59 63 64 65 66 67 68 69 70 72 75 78 82 83 84 85 86 87 88 89 93 94 96 98 100 101 102 103 104 106 108 109 110 111 115 116 117 119
49 1 3 5 7 10 11 12 13 17 18 20 24 27 28 30 32 33 35 36 43 47 50 52 59 61 63 67 71 73 77 81 83 88 91 94 96 97 100 101 102 104 106 107 108 109 111 114 115 116
57 1 2 4 6 8 10 11 15 16 17 22 25 26 27 28 29 32 34 36 37 40 44 45 49 51 53 56 58 59 60 61 63 68 70 72 73 78 79 80 82 83 84 85 88 89 92 93 96 97 100 105 109 113 114 115 117 119
8 27 40 60 91 98 99 104 115
23 3 4 8 12 17 29 38 43 48 49 50 51 53 56 69 74 79 92 93 95 99 101 119
39 3 8 13 14 15 17 31 33 34 35 37 38 40 41 50 55 61 62 67 69 74 75 76 78 82 83 84 85 87 93 94 95 96 102 114 116 117 118 119
62 1 2 3 4 5 7 8 13 14 16 18 21 24 28 29 30 31 32 33 35 36 37 39 41 42 43 44 45 47 48 50 51 52 53 55 56 57 59 63 64 65 66 71 78 79 84 86 89 90 91 92 95 97 99 101 106 108 109 111 116 117 118
3 56 106 119
19 4 5 10 13 25 27 30 33 40 49 51 57 69 93 94 96 106 111 119
62 3 4 5 7 10 11 15 16 18 19 21 23 25 27 28 30 31 33 34 36 39 40 41 42 44 45 48 49 51 52 55 57 61 62 64 66 68 70 71 72 74 75 76 77 78 79 82 83 85 86 87 88 89 93 101 102 108 109 110 111 115 116
55 8 9 10 14 16 26 28 31 32 33 34 36 37 42 44 45 47 48 49 50 52 53 55 63 64 65 66 67 68 69 70 73 76 77 78 79 80 82 83 85 86 88 90 94 95 97 98 101 106 109 112 114 115 116 119
64 3 4 5 8 10 11 12 22 23 24 27 29 32 34 38 39 40 41 42 44 45 48 49 50 51 52 53 54 55 57 58 60 61 62 63 65 67 68 71 74 75 77 78 79 80 84 87 88 90 92 93 95 96 99 101 102 104 107 109 111 115 117 118 119
18 1 18 20 23 29 30 40 50 55 62 64 74 78 79 82 100 111 115
37 3 8 13 14 15 17 18 21 25 26 30 33 36 38 49 53 61 63 64 65 67 71 72 73 75 77 79 82 86 97 102 103 109 111 117 118 119
66 1 5 6 7 10 11 14 15 16 17 18 22 23 24 25 27 28 29 30 31 32 33 34 35 36 38 39 40 41 43 45 46 47 49 51 53 55 56 58 62 65 67 71 72 75 76 78 80 82 84 86 87 88 89 97 98 99 100 102 104 106 108 109 110 112 118
72 2 4 5 6 7 9 11 12 13 14 15 16 19 20 21 22 25 26 30 31 32 35 36 38 40 41 43 48 49 50 51 53 54 55 56 58 60 61 66 70 71 72 74 75 76 79 80 82 84 86 87 89 92 93 94 97 99 100 101 102 103 104 105 106 107 109 110 112 114 115 118 119
64 1 2 3 4 5 6 7 8 10 13 14 16 21 23 24 27 28 29 30 31 32 34 37 39 41 42 43 44 47 48 50 51 52 54 55 58 60 61 63 69 70 74 75 77 80 84 85 86 88 90 94 95 98 100 101 104 105 107 108 110 111 112 115 118
37 1 3 7 11 13 14 15 21 29 46 49 50 51 55 61 63 65 66 68 70 71 78 80 82 85 87 93 98 101 106 108 113 114 115 116 118 119
8 10 21 22 42 44 60 61 71
70 1 2 3 5 7 8 10 11 13 14 18 19 20 21 22 24 26 27 28 29 32 33 34 35 37 39 41 43 45 48 49 50 54 58 59 61 65 67 69 70 71 73 74 75 76 79 80 81 83 85 90 92 94 95 97 98 99 102 103 104 106 107 110 111 113 114 115 117 118 119
63 1 5 7 8 15 16 17 18 19 20 22 23 25 26 27 28 30 31 32 35 37 39 42 45 47 48 51 55 57 59 62 63 64 66 68 70 71 72 75 77 78 81 83 85 86 88 89 90 92 93 94 95 97 103 105 108 110 111 113 114 115 116 117
8 29 38 45 56 73 76 89 90
44 5 8 14 15 16 20 26 30 32 33 39 40 42 44 46 51 56 57 58 71 72 73 74 75 78 81 84 85 86 88 89 90 91 92 97 98 100 102 103 104 107 114 118 119
58 1 2 7 8 11 12 15 16 19 21 28 32 37 38 39 40 43 44 45 46 47 48 54 55 58 59 60 62 63 64 65 66 68 71 75 77 78 80 81 82 83 86 89 90 91 92 96 99 100 101 103 106 107 108 112 114 116 118
67 1 3 5 6 8 10 11 13 14 18 19 20 21 25 28 30 33 35 36 38 39 40 43 44 46 47 48 50 54 55 56 57 59 61 64 65 66 68 71 72 77 78 79 80 81 84 85 87 88 94 95 96 97 99 100 101 103 104 105 107 109 111 112 113 114 116 119
45 4 7 8 9 10 12 16 17 22 23 26 27 31 32 38 40 42 43 44 46 48 50 51 57 64 67 70 72 73 75 76 83 86 87 91 95 97 98 99 101 102 113 114 117 118
72 1 2 3 4 5 7 8 11 12 13 15 23 26 28 30 31 37 40 41 42 46 47 49 50 52 54 55 56 57 58 59 60 62 63 64 65 66 67 68 70 71 72 73 75 76 77 81 82 83 86 87 88 89 90 92 93 95 96 100 103 104 105 107 108 109 111 113 114 115 116 118 119
67 3 5 6 8 12 13 14 15 19 20 21 22 23 29 30 31 33 34 36 37 39 40 41 42 43 44 45 47 48 50 51 53 55 57 59 60 62 65 66 68 70 71 72 73 74 75 77 78 80 82 85 86 87 89 90 91 92 93 98 101 103 105 106 107 108 114 118
50 2 5 9 12 13 15 16 17 19 22 25 29 34 35 36 38 39 40 41 43 45 46 48 51 53 60 61 62 64 68 71 79 83 84 89 91 93 95 98 100 101 102 104 105 106 107 108 109 113 114
47 5 9 10 13 15 17 23 25 30 32 37 40 41 45 46 49 50 51 54 56 58 66 67 71 72 73 74 75 79 80 82 83 87 91 92 93 96 108 110 111 112 113 114 115 117 118 119
70 1 2 4 6 7 10 11 12 13 14 16 17 18 20 22 24 26 27 29 31 33 34 36 37 38 40 41 42 43 46 47 51 52 53 56 57 59 60 61 62 63 64 65 69 71 73 74 75 76 77 78 79 83 85 87 88 91 94 95 96 101 103 104 105 107 110 111 112 114 117
74 2 4 5 6 7 8 9 10 11 12 14 15 18 23 25 26 28 30 33 34 35 37 39 41 42 43 45 46 48 50 51 53 54 55 57 58 59 60 61 62 66 67 68 70 73 75 76 77 79 80 82 85 87 88 89 93 94 95 96 97 99 101 102 103 105 106 108 111 112 113 116 117 118 119
10 13 20 25 77 78 88 93 98 102 113
75 1 4 5 7 8 9 10 11 12 13 16 17 21 22 23 24 26 28 29 30 32 34 35 36 38 39 40 41 42 43 45 47 48 50 51 53 56 57 58 61 63 64 65 68 69 72 74 75 78 79 82 84 86 88 89 91 95 96 97 98 99 100 102 103 104 105 106 108 109 110 112 113 114 118 119
22 10 28 32 34 37 40 42 45 50 54 60 64 70 73 81 91 93 102 105 107 109 119
11 5 7 29 37 43 49 55 71 84 114 119
22 2 6 13 20 26 30 31 35 47 57 59 81 83 87 93 95 97 102 107 111 114 119
58 1 2 3 5 6 8 9 10 11 13 16 19 20 23 29 33 34 35 38 40 41 42 44 45 46 49 52 55 57 62 65 67 69 70 73 80 83 84 85 86 88 89 90 93 96 97 98 99 103 105 106 110 111 112 113 116 117 118
60 4 5 6 7 8 10 16 18 19 20 22 23 27 28 29 30 31 32 33 35 36 37 43 44 45 49 50 51 54 55 56 57 59 60 63 67 68 71 73 74 75 76 78 79 80 82 83 84 85 93 94 95 101 104 107 108 109 111 112 116
71 1 3 4 5 7 8 9 10 11 14 19 20 21 23 25 26 30 31 32 33 34 36 37 38 39 42 44 45 47 48 50 51 52 53 56 60 64 65 66 67 68 69 70 71 73 74 75 76 80 81 82 83 87 91 92 93 95 97 98 99 100 102 104 106 109 110 111 112 114 115 118
22 13 21 28 31 35 36 39 40 42 50 65 73 75 77 84 91 94 99 102 103 110 117
49 2 4 7 9 10 15 16 18 20 21 22 23 25 26 28 29 32 36 43 45 46 52 55 57 59 60 61 63 65 67 68 74 80 81 84 91 92 93 94 100 105 106 109 110 112 114 115 117 119
33 1 3 7 8 12 13 21 27 29 48 49 50 56 57 60 64 69 70 77 79 82 84 85 86 91 95 99 100 101 102 105 111 116
76 1 2 3 6 7 8 9 10 13 14 15 17 18 20 22 23 24 26 29 32 34 35 38 39 40 41 43 45 46 48 50 51 53 54 55 56 57 58 59 61 62 63 64 67 68 69 70 74 75 76 77 82 83 84 85 86 87 88 90 91 95 97 98 99 101 104 105 108 109 110 111 112 113 115 116 118
65 3 5 9 12 16 17 18 19 21 22 25 26 27 29 31 32 34 38 41 42 43 44 45 46 48 52 53 55 56 57 60 63 64 65 67 70 71 74 76 77 82 84 85 86 87 91 92 93 95 96 97 101 103 104 105 107 108 109 110 111 112 113 114 115 119
56 2 4 5 7 8 9 10 11 12 13 15 16 17 19 21 23 24 26 30 31 34 35 36 39 40 41 46 47 48 49 51 60 62 63 64 65 74 75 80 81 82 84 85 87 92 94 96 97 102 103 104 111 116 117 118 119
7 16 29 32 48 58 83 119
51 1 3 4 5 9 14 15 16 17 25 28 32 36 37 40 41 45 47 48 49 51 52 54 57 59 60 61 62 65 72 73 75 76 79 83 88 89 92 93 95 99 100 105 106 107 110 112 114 115 116 117
31 3 4 8 24 27 39 40 42 47 52 53 56 61 66 67 71 76 80 81 82 85 90 97 99 105 108 109 112 116 117 119
70 2 7 9 12 14 17 18 19 20 22 23 24 26 28 29 31 34 35 36 37 39 42 44 47 49 50 52 54 55 56 57 58 59 61 63 66 67 69 71 72 73 74 75 76 77 78 79 81 82 83 84 85 86 87 88 89 90 96 98 99 104 105 107 110 111 112 113 116 117 119
62 1 2 3 4 5 6 7 8 9 11 17 18 19 23 24 25 26 29 30 32 33 34 35 37 38 39 41 44 45 46 47 50 54 60 64 66 68 69 74 77 79 82 85 88 89 90 91 93 94 96 97 98 99 102 103 106 108 112 113 114 115 118
17 4 5 12 15 20 27 29 30 37 43 47 48 59 64 74 89 105
20 3 5 13 39 44 46 58 63 65 67 85 88 92 96 97 98 107 111 115 116
10 21 28 30 76 82 83 84 85 113 115
0
69 4 5 9 11 12 17 18 19 21 22 23 26 29 31 33 34 35 36 38 39 40 41 42 43 44 45 46 47 48 49 52 53 54 55 56 59 62 63 64 65 66 67 68 70 73 75 76 79 80 81 83 88 89 90 91 94 95 96 97 100 102 107 109 111 113 115 117 118 119
38 2 4 6 8 12 20 24 26 30 39 40 42 43 45 47 48 54 57 62 66 69 71 72 75 80 82 87 95 98 102 104 107 109 110 113 115 116 119
71 2 4 5 6 7 8 11 13 14 17 21 22 23 25 26 27 30 32 34 36 37 41 42 44 45 48 50 51 54 56 58 60 61 62 64 66 67 69 70 71 73 75 77 78 80 81 82 85 86 89 90 91 92 93 94 95 96 99 101 102 103 105 106 108 109 110 111 113 114 115 117
70 2 3 6 7 8 10 12 14 16 18 22 23 24 25 26 27 28 30 31 32 33 37 38 39 43 44 45 47 48 49 50 52 54 55 57 59 61 62 63 64 65 66 67 69 72 73 74 75 78 81 82 83 85 86 92 93 94 96 98 101 102 103 105 107 110 111 112 114 116 118
6 32 40 60 76 96 106
67 3 5 9 10 14 16 17 19 20 21 25 28 29 30 32 35 37 38 39 40 42 43 47 48 49 52 53 55 57 60 62 64 65 69 70 71 74 75 77 78 79 80 81 83 86 87 88 89 90 91 92 94 95 97 98 99 101 102 103 104 107 109 110 112 113 115 118
50 3 6 9 12 13 17 20 22 23 26 29 30 31 35 38 39 40 41 43 45 47 50 52 54 55 57 63 64 66 70 71 72 74 75 77 80 85 87 89 93 94 101 103 104 107 108 109 110 112 113
20 3 6 29 34 37 40 48 52 56 57 60 63 68 77 80 84 97 101 115 117
19 3 11 34 35 43 44 46 52 63 64 66 67 68 80 83 87 104 111 112
53 3 6 7 9 17 20 22 24 26 29 30 33 35 39 41 43 45 47 49 52 53 54 56 59 66 67 68 70 72 76 77 79 82 83 84 86 88 90 91 92 93 95 97 101 102 103 104 107 108 109 110 111 115
73 1 2 3 4 5 9 11 12 14 15 19 21 22 23 25 28 29 30 32 33 34 35 36 37 42 43 45 47 48 49 53 54 56 58 59 60 61 63 67 68 69 71 72 76 77 79 81 82 83 85 86 89 90 91 92 95 96 98 99 100 101 102 105 106 107 110 111 113 114 115 117 118 119
54 2 4 7 11 12 15 17 19 21 27 29 32 34 35 36 38 41 42 45 46 50 51 52 53 57 61 63 65 66 67 70 72 73 74 77 79 82 83 84 85 86 91 94 99 100 101 106 107 108 111 112 115 116 117
11 2 9 11 23 30 53 64 68 97 104 105
33 1 3 8 12 16 23 28 30 31 33 41 42 45 49 51 55 56 61 70 75 77 78 82 85 89 93 94 99 103 104 107 110 116
69 1 4 5 7 8 9 10 11 12 13 14 16 17 18 21 22 24 25 27 28 29 31 32 34 35 39 40 41 42 43 44 45 46 48 49 50 56 57 58 59 60 61 66 67 69 70 71 73 74 80 83 86 87 89 90 91 93 95 98 101 102 104 108 109 113 116 117 118 119
9 31 36 46 68 75 82 106 107 110
18 1 6 21 30 36 39 40 45 49 52 53 59 61 64 76 95 100 104
66 3 4 5 7 9 11 12 13 15 17 18 23 24 27 28 29 30 34 35 39 40 42 43 47 48 50 52 53 57 58 64 66 67 68 70 71 72 74 76 77 79 80 81 82 83 84 85 87 91 92 95 96 97 100 101 103 105 106 107 109 111 112 115 116 118 119
46 2 6 7 10 13 15 16 17 18 20 26 28 29 37 39 40 42 43 46 48 49 50 52 55 59 60 61 63 70 71 80 85 88 90 92 94 95 96 97 101 103 104 110 113 116 119
71 1 2 3 8 10 11 12 13 14 18 19 20 22 23 24 25 26 28 31 34 36 37 38 39 42 43 44 46 47 48 49 50 52 53 54 58 60 62 64 65 69 71 72 73 74 76 77 78 79 80 82 85 87 88 90 92 94 96 97 98 99 100 101 102 104 107 109 112 113 114 119
71 1 2 5 6 7 11 13 14 17 20 21 23 25 26 31 33 34 37 38 39 42 44 49 50 51 52 53 54 55 56 57 58 59 60 61 63 65 66 68 69 70 71 72 73 75 76 79 80 82 84 85 87 88 91 92 96 97 103 104 106 107 108 109 110 112 113 114 115 116 118 119
14 12 15 18 29 31 41 50 63 65 69 76 77 82 95
63 1 2 3 5 7 8 10 11 12 13 17 19 22 23 24 29 32 33 35 38 39 40 41 42 43 44 46 48 49 50 51 52 53 57 58 60 62 66 68 69 71 72 81 82 83 88 90 93 94 95 96 97 100 102 104 107 109 110 113 114 116 117 118
49 1 4 5 9 10 11 12 14 15 18 19 23 25 26 27 28 30 31 37 38 45 46 48 49 52 56 62 63 64 68 74 75 76 80 82 84 85 86 89 90 96 100 102 104 107 110 111 114 118
31 1 3 12 13 14 15 21 24 27 28 30 33 57 59 62 70 71 73 74 77 78 81 88 90 92 93 95 106 110 113 118
69 3 4 5 8 9 10 11 15 16 18 19 21 23 24 25 26 27 30 31 36 37 38 39 41 42 44 45 47 49 50 52 53 54 55 58 59 61 65 67 68 70 71 72 75 76 77 80 81 84 87 88 89 90 93 94 98 99 100 102 104 107 108 109 111 112 114 116 117 119
12 6 9 16 19 20 31 32 47 48 71 79 108
58 1 3 4 5 6 7 12 13 14 16 21 22 25 26 27 30 33 36 37 38 39 41 45 48 49 50 51 53 55 57 58 60 61 64 65 67 70 71 74 77 80 83 84 86 87 89 90 91 93 94 98 101 105 106 107 112 117 118
60 2 6 7 8 11 14 17 20 21 22 23 26 28 30 32 33 35 36 37 38 39 41 42 43 47 48 50 51 52 55 56 57 58 60 62 63 64 67 68 70 72 73 76 77 79 80 88 90 97 100 103 104 106 107 111 112 113 117 118 119
56 3 5 6 8 11 13 14 16 18 22 24 25 28 29 30 33 35 38 39 43 44 46 47 51 53 55 56 58 59 60 62 63 64 66 69 71 74 75 79 82 84 87 88 90 92 93 95 99 101 102 105 108 114 115 116 119
48 1 2 3 8 9 15 16 17 18 21 24 25 30 31 33 38 40 41 43 46 47 51 53 54 55 58 59 67 68 70 71 77 87 88 91 92 99 102 103 104 107 108 110 113 114 116 117 118
47 1 7 11 12 13 15 17 18 19 23 24 28 32 35 36 39 41 42 43 46 50 51 53 55 58 59 63 66 70 71 72 75 77 80 84 90 92 96 101 104 105 110 112 116 117 118 119
58 1 5 6 8 9 10 11 13 15 16 17 18 22 23 24 25 26 28 30 31 32 38 40 41 43 45 51 53 54 57 58 60 61 66 68 74 80 81 83 88 89 91 93 95 99 100 101 102 105 107 108 110 111 112 114 115 116 118
46 3 5 7 10 11 13 15 16 17 20 24 27 33 34 40 45 47 50 51 56 57 58 60 65 67 74 75 79 80 84 89 90 91 92 93 96 97 100 103 105 107 110 113 114 115 119
28 1 2 5 7 13 16 17 23 30 35 39 47 49 51 60 61 64 74 77 80 85 88 93 97 105 108 111 116
71 5 6 7 8 9 10 11 14 15 16 17 20 21 22 23 25 26 27 28 30 33 34 38 39 40 42 43 44 45 46 47 49 51 52 53 56 57 58 59 60 62 64 66 67 69 70 71 74 75 78 79 80 83 85 87 88 90 91 92 94 95 96 98 105 108 109 111 112 115 116 118
72 1 2 3 4 5 7 8 12 16 17 18 19 21 24 25 27 30 32 34 35 36 37 38 39 40 42 44 45 46 49 53 54 55 57 61 62 63 65 66 68 69 71 73 75 76 80 81 83 84 85 86 88 89 90 91 92 94 95 97 100 101 103 104 106 107 108 109 110 113 115 116 117
75 1 3 4 7 9 10 12 13 14 15 19 20 22 24 25 27 28 29 30 31 32 35 37 39 41 43 44 46 47 48 49 51 52 53 54 55 56 57 58 60 61 62 63 64 66 67 69 70 72 77 78 79 80 82 85 86 87 88 90 92 93 95 97 98 101 102 103 105 106 107 110 111 113 116 117
69 1 3 5 6 7 8 9 11 13 15 16 17 18 19 21 22 23 25 26 27 29 31 35 36 37 38 39 40 43 44 46 47 49 50 52 53 54 59 60 62 66 67 70 71 75 77 79 83 84 85 86 87 88 91 94 98 101 103 104 105 107 108 110 111 113 114 116 117 118
55 2 10 11 12 13 16 20 21 22 23 25 26 27 29 31 37 38 41 43 44 47 51 52 54 58 59 60 63 64 66 67 69 71 72 73 76 77 83 86 87 89 90 92 95 97 101 102 104 105 106 107 108 110 117 119
30 3 5 10 12 15 16 23 27 37 38 55 56 58 62 65 71 76 79 86 97 99 101 104 105 106 114 115 116 118 119
55 3 6 8 9 10 13 18 22 26 27 29 31 32 34 36 38 39 44 46 47 48 50 55 57 58 61 65 66 68 70 71 76 81 82 83 85 91 93 98 99 100 101 102 103 105 106 107 108 111 112 113 114 115 118 119
58 1 6 8 10 13 14 16 18 19 20 21 22 24 26 27 29 30 33 34 35 38 39 40 41 44 46 47 48 50 52 54 56 57 58 59 60 61 62 64 67 70 78 81 82 84 85 91 94 97 101 106 109 110 111 112 113 116 119
51 3 4 6 11 12 13 14 17 21 26 29 30 32 34 35 37 38 40 44 47 48 49 50 57 58 62 64 66 67 68 71 73 74 76 78 80 82 87 88 90 92 94 98 99 104 105 106 109 114 115 116
20 2 7 18 19 20 29 36 42 43 46 48 57 59 60 61 94 104 109 114 119
10 5 6 15 32 33 37 57 99 105 115
5 26 87 88 89 110
77 1 2 3 4 7 8 9 10 11 13 14 19 20 21 23 26 28 29 30 31 33 36 38 39 40 41 42 44 45 48 49 50 51 55 56 57 63 64 65 66 67 68 71 72 73 74 75 77 78 80 81 82 83 84 85 88 89 90 93 95 96 97 98 99 100 102 104 105 106 108 110 111 112 113 116 118 119
48 2 5 10 11 12 18 19 20 23 24 28 29 30 31 34 38 40 45 47 53 54 55 57 58 60 65 66 67 70 76 78 80 83 90 92 93 95 101 106 107 108 110 111 112 114 115 116 118
57 3 4 8 11 13 17 19 23 25 26 27 28 32 36 40 46 47 50 54 55 56 57 59 60 62 63 64 65 66 68 69 70 71 78 79 80 84 87 89 90 91 93 94 95 99 100 101 102 105 106 107 108 113 115 116 117 118
69 2 3 4 5 11 12 13 16 17 19 20 21 24 27 28 29 31 34 36 38 40 41 42 43 44 45 48 50 51 52 53 55 56 57 59 61 63 66 67 68 69 70 71 72 75 78 81 83 84 85 86 88 89 93 96 98 99 100 103 104 105 107 109 110 111 113 114 116 117
21 11 12 38 46 50 53 56 59 63 67 74 79 85 96 99 100 106 107 111 113 114
72 1 3 4 6 9 10 11 13 15 18 20 21 22 23 24 25 27 29 30 32 38 39 40 41 42 44 45 46 47 50 51 53 54 57 58 59 62 63 66 67 68 69 70 71 72 75 76 77 78 80 82 83 85 86 90 91 94 95 96 97 100 102 104 106 107 108 110 111 112 114 116 119
1 11
46 1 3 14 16 18 21 26 28 29 31 34 36 37 38 40 41 46 47 54 55 56 60 62 63 67 75 78 79 80 83 85 88 89 91 95 98 99 100 101 103 106 107 109 110 113 114
33 7 13 17 20 23 28 35 36 42 49 51 54 56 58 59 64 65 74 77 80 81 83 85 87 90 94 98 100 101 103 104 107 117
63 1 3 4 10 11 13 16 19 22 23 24 25 27 30 31 33 36 37 38 39 44 46 47 52 53 54 55 56 57 58 61 63 64 65 66 68 69 70 75 76 78 79 80 81 82 83 84 85 89 90 91 92 93 95 104 105 106 108 113 114 116 117 118
39 2 3 4 7 8 11 12 18 25 27 28 32 33 36 37 41 43 46 49 52 57 62 64 70 71 73 79 81 84 85 95 96 98 102 105 111 114 115 119
7 1 14 50 54 76 107 116
55 1 2 3 4 5 6 8 9 12 14 18 22 23 25 26 29 30 33 34 36 37 38 39 43 45 50 51 52 55 64 66 73 74 75 78 79 81 83 86 89 91 97 98 100 101 102 104 106 108 109 110 112 113 114 116
36 1 3 5 6 11 15 16 18 21 22 26 28 31 34 35 36 42 43 45 46 48 55 59 62 72 76 80 93 94 97 103 104 109 112 114 115
72 1 2 3 4 5 8 9 10 14 15 16 17 18 20 21 22 24 26 28 29 30 31 32 34 35 36 37 38 39 40 44 47 48 49 54 56 58 59 62 63 64 66 68 72 74 75 76 78 79 81 82 83 84 86 88 92 93 94 95 97 98 99 100 104 105 106 108 110 112 113 115 118
